из аппроксимированной прямой:
x =  146.96   y =  23.756871410803953  
x =  121.74   y =  36.70619029872945

y = kx + b;
k = -0,51
b = 98.7

