0:
ql = 3060.1004898057095
qr = 1863.9582012337044
q = 242779,468847668

30:

ql = 2.083
